60
60
60
120
120
120
180
180
180
240
240
240
300
300
300
360
360
360
420
420
420
480
480
480
540
540
540
600
600
600
660
660
660
720
720
720
780
780
780
840
840
840
900
900
900
960
960
960
1020
1020
1020
1080
1080
1080
1140
1140
1140
1200
1200
1200
1260
1260
1260
1320
1320
1320
1380
1380
1380
1440
1440
1440
1500
1500
1500
1560
1560
1560
1620
1620
1620
1680
1680
1680
1740
1740
1740
1800
1800
1800
1860
1860
1860
1920
1920
1920
1980
1980
1980
2040
2040
2040
2100
2100
2100
2160
2160
2160
2220
2220
2220
2280
2280
2280
2340
2340
2340
2400
2400
2400
2460
2460
2460
2520
2520
2520
2580
2580
2580
2640
2640
2640
2700
2700
2700
2760
2760
2760
2820
2820
2820
2880
2880
2880
2940
2940
2940
3000
3000
3000
3060
3060
3060
3120
3120
3120
3180
3180
3180
3240
3240
3240
3300
3300
3300
3360
3360
3360
3420
3420
3420
3480
3480
3480
3540
3540
3540
3600
3600
3600
3660
3660
3660
3720
3720
3720
3780
3780
3780
3840
3840
3840
3900
3900
3900
3960
3960
3960
4020
4020
4020
4080
4080
4080
4140
4140
4140
4200
4200
4200
4260
4260
4260
4320
4320
4320
4380
4380
4380
4440
4440
4440
4500
4500
4500
4560
4560
4560
4620
4620
4620
4680
4680
4680
4740
4740
4740
4800
4800
4800
