3.0
3.0
4.542823285300054
4.145599119180807
4.275781573747799
4.269388486332528
4.288646022695783
4.267532876729723
4.262682078574217
4.269521508700094
4.26886936783135
4.2741184117082245
4.281146171606341
4.271714785060934
4.264342317785753
4.27249702188663
4.2745903227012505
3.0
5.244542649727768
4.627701953783742
4.735807561242696
4.618479626617706
4.386839967521343
3.0
5.240874773139746
4.632321695082233
4.703042509336049
4.60006343009186
4.391181180624637
3.0
5.241777676950998
4.625319624777092
4.717283688269124
4.617614769691958
4.384331653803317
3.0
5.242495462794919
4.63080701754386
3.856622202056866
4.595160294791958
4.507272682302435
4.523064594641509
4.50882145177042
4.505315708452134
4.5192228276083295
4.511441828826836
4.520437149532468
4.524182088759996
4.522654783018389
4.512949166053371
3.0
3.0
3.0
3.0
3.0
3.0
3.0
3.0
3.0
3.0
