0.0
0.0
1.5445818041169248
1.2741001741708167
1.2793884014218153
1.274554908608264
1.2728381411442704
1.2605825029768607
1.269469205364355
1.2903960370829028
1.273938549923066
1.2777963805038803
1.2800606270794408
1.272943966401844
1.2753902216347344
1.264524059945545
1.2727309813651955
0.0
2.246486388384755
1.6391272081093113
1.7324700225392522
1.6156499399442403
1.3831950716800063
0.0
2.2461660617059893
1.6297734883940638
1.7189752744658096
1.6140048131019178
1.3839443822992823
0.0
2.2404174228675133
1.6370037078698496
1.7092451966887976
1.612339667522114
1.378955154029015
0.0
2.2416642468239565
1.6307348393723191
0.8329264972776769
1.612335748003853
1.5185956102758325
1.5082212868533864
1.527848104997953
1.5140285087628325
1.5212317120946768
1.4950565582542963
1.4993042591118297
1.5062816893906459
1.5098817881935744
1.5193063133779248
0.0
0.0
0.0
0.0
0.0
0.0
0.0
0.0
0.0
0.0
